trace1;I x;I w;I y
trace1;7;50;44
trace1;34;50;17
trace1;45;50;6
trace1;10;50;41
trace1;51;50;0
trace1;18;50;33
trace1;38;50;13
trace1;15;50;36
trace1;4;50;47
trace1;6;50;45
trace1;40;50;11
trace1;36;50;15
trace1;26;50;25
trace1;18;50;33
trace1;16;50;35
trace1;26;50;25
trace1;37;50;14
trace1;40;50;11
trace1;28;50;23
trace1;38;50;13
